0,441
0,440
0,439
0,438
0,437
0,436
0,435
0,434
36,52
36,51
36,50
36,49
36,48
36,47
36,46
36,45
36,44
36,43
36,42
36,41
36,40
36,39
36,38
36,37
36,36
36,35
0,433
0,432
0,431
0,430
0,429
0,428
0,427
0,426
0,425
0,424
43,3
43,2
0,423
43,1
43,0
0,422
0,421
0,420
42,3
42,2
0,419
42,1
42,0
0,418
0,417
0,416
0,415
41,5
0,414
0,413
0,412
41,4
0,411
41,3
41,2
41,1
41,0
0,410
40,4
40,3
40,2
40,1
40,0
39,3
39,2
39,1
39,0
38,4
38,3
38,2
38,1
38,0
37,3
37,2
37,1
37,0
28,4
28,2
28,0
32,2
32,0
31,5
31,4
31,2
31,0
29,2
29,0
29,1
29,3
27,2
27,0
0,409
30,4
30,2
30,0
0,278
35,2
35,0
0,408
0,386
